 2448
 5000
 6245
 11914
 2449
 12447
 1285
 7906
 4698
5523
 14657
 4741
 5507
 12842
 2860
 10064
 9803
 2887
 15039
 9378
 5151
 11438
 9664
 9432
 8629
 9758
 9952
 5733
 7568
 2972
 4793
 6776
 7059
 9133
 7496
 1126
 8050
 5027
 2808
 13843
 10098
 12542
 7719
 2225
 2854
 9194
 6307
 3725
 4791
 9295
 12256
 14105
 4779
 13939
 9978
 2217
 6692
 9692
 13041
 11747
 14550
 12448
 14078
 14100
 3921
 12735
 11090
 9228
 13355
 2390
 11937
 11860
 10581
 1296
 5637
 10686
 1120
 11608
 7385
 12184
 9318
 4310
 10060
 3621
 4702
 1752
 11383
 9946
 4736
 10416
 7752
 10572
 13465
 7550
 7453
 1942
 4785
 2961
 12218
 12823
 11846
 7965
 10888
 7745
 10946
 5868
 4382
 7689
 5283
 3517
 656
 5386
 10732
 424
 6809
 7147
 7975
 12903
 14542
 10448
 10546
 10730
 10727
 10137
 12254
 10634
 4305
 2227
 10062
 10449
 6961
 13192
 7957
 12582
 10252
 7387
 14200
 12890
 14175
 7709
 2678
 11287
 1215
 10636
 4464
 7428
 10318
 1005
 4284
 718
 2646
 725
 2189
 5296
 8784
 1275
 1038
 6988
 2647
 3757
 8548
 598
 9053
 4350
 1571
 11189
 12427
 1596
 2052
 2758
 14060
 4701
 9896
 4259
 4347
 10635
 712
 4784
 1470
 7782
 8357
 14136
 9367
 776
 11808
 2184
 2187
 7109
 9868
 11105
 2600
 13942
 10454
 10224
 7765
 10890
 5653
 2502
 3808
 4158
 14584
 8432
 3680
 2495
 7521
 9419
 714
 8008
 9893
 6571
 10622
 3800
 9390
 9694
 6304
 14934
 1406
 3972
 3423
 14543
 9683
 2550
 6220
 3894
 8194
 12252
 4858
 1666
 13149
 10320
 2614
 232
 13040
 708
 10172
 9661
 11845
 10866
 2634
 13774
 1565
 15032
 7293
 8401
 10327
 11436
 6618
 10412
 5704
 7974
 2053
 12876
 7151
 11489
 2682
 11683
 9663
 5587
 334
 12634
 7697
 709
 10818
 12331
 6849
 15000
 8735
 12633
 11784
 10764
 14844
 5753
 5559
 2451
 9004
 5486
 2566
 10504
 9233
 929
 10840
 2170
 9450
 6221
 7205
 8091
 10996
 3640
 5914
 2136
 10050
 11410
 5857
 9598
 2175
 10894
 8967
 9371
 15066
 9597
 2048
 9655
 497
 1203
 10777
 8656
 12342
 5593
 4181
 9689
 5252
 5843
 9396
 6817
 5063
 14187
 4804
 6589
 7747
 3656
 8825
 12026
 2148
 8224
 2593
 11366
 4790
 8659
 2680
 1122
 15093
 8909
 3353
 2091
 6819
 14104
 12498
 10848
 6543
 3859
 9461
 4201
 12253
 4809
 3712
 7466
 6811
 4381
 13062
 5366
 1641
 7887
 14980
 1449
 1476
 8986
 13727
 3924
 9210
 1004
 7881
 14364
 12572
 15002
 11613
 2450
 2564
 9797
 8655
 8988
 12
 7400
 11775
 422
 1398
 4475
 2625
 11031
 10135
 4737
 12255
 14250
 2226
 9789
 3620
 6624
 6783
 5301
 2567
 1400
 9773
 2453
 8775
 5031
 4844
 15074
 12677
 10420
 13860
 8458
 8612
 10535
 8635
 3369
 2812
 4806
 7644
 2960
 10260
 5705
 7137
 11294
 5156
 3845
 9444
 9881
 10661
 7449
 3258
 3211
 1437
 11958
 7638
 10897
 7875
 11327
 4059
 9951
 5707
 5050
 5483
 4332
 12251
 911
 11092
 2561
 5917
 2594
 284
 3585
 1407
 11931
 6165
 12138
 13017
 7401
 1699
 3256
 3412
 1372
 13019
 7703
 4039
 5801
 11478
 6981
 8830
 1594
 8650
 5710
 10877
 15065
 437
 11682
 3606
 2214
 4521
 12310
 3252
 117
 5222
 10377
 11378
 4690
 3555
 375
 4841
 14829
 4830
 7665
 11480
 507
 7491
 2166
 15046
 7198
 7642
 14985
 9418
 3603
 305
 8592
 1665
 13866
 1471
 12530
 4679
 14983
 10059
 9416
 9731
 3229
 7762
 4796
 4494
 9476
 11111
 5424
 14685
 12109
 3362
 6948
 4163
 10203
 13256
 10375
 7228
 7200
 7715
 7007
 12220
 10437
 3890
 11123
 15075
 15073
 3361
 8230
 499
 753
 8978
 7543
 5864
 10918
 5615
 9609
 4352
 2150
 6945
 2516
 10079
 6801
 12781
 4775
 11805
 6989
 8253
 6985
 2851
 11650
 9541
 1896
 13186
 8737
 623
 4518
 952
 3953
 4789
 1706
 12672
 14659
 4266
 14043
 13053
 9449
 12687
 13057
 14178
 2185
 2563
 2132
 3028
 12686
 11597
 5947
 5029
 8938
 4242
 1121
 3979
 9901
 12861
 13640
 2033
 8347
 14766
 8114
 426
 12808
 3613
 5624
 2735
 11124
 6553
 10515
 8965
 3110
 3560
 3985
 6708
 3413
 9397
 9686
 5159
 11188
 8677
 3634
 423
 10399
 8588
 6712
 11826
 10728
 2145
 5491
 4857
 12987
 10010
 2055
 8829
 9266
 11133
 3365
 6344
 4477
 52
 9047
 9242
 13054
 4095
 3317
 14450
 6226
 10200
 13195
 6296
 3903
 2966
 9391
 7811
 4700
 7433
 11965
 8419
 6963
 11206
 494
 14924
 367
 1570
 7001
 6224
 4818
 6223
 9232
 8623
 3781
 4827
 4354
 9457
 7706
 6354
 984
 10351
 1439
 6505
 3782
 13020
 7894
 14765
 2223
 4209
 1629
 13167
 14838
 5969
 13137
 306
 2616
 4094
 9225
 13564
 6316
 2663
 5473
 13184
 3298
 713
 7432
 12246
 1762
 7874
 7409
 9478
 11792
 2454
 9379
 9733
 7415
 3785
 3410
 3257
 2195
 13945
 3572
 15102
 1843
 5842
 10809
 2679
 4258
 6892
 12817
 13297
 5571
 10844
 2807
 8103
 2099
 5097
 5174
 9481
 11412
 9127
 13851
 14996
 11671
 4697
 14572
 14419
 14490
 4799
 4060
 15111
 3126
 2219
 10657
 4065
 10690
 9790
 9537
 11756
 7596
 5480
 2967
 14986
 7263
 11675
 1093
 9900
 488
 55
 9335
 8251
 1104
 10933
 5863
 6706
 9845
 4551
 8009
 14013
 9848
 7893
 4840
 2962
 238
 10716
 12569
 10184
 11178
 14611
 14094
 10892
 1172
 7758
 10380
 4849
 4729
 933
 8096
 9420
 11291
 5353
 10538
 14930
 13169
 7944
 8657
 3425
 3123
 7046
 7921
 4170
 10384
 7138
 1102
 7600
 5155
 11162
 13083
 12631
 12118
 8757
 513
 8551
 12617
 8865
 13199
 3248
 8915
 4301
 8864
 10000
 10539
 15071
 4243
 8866
 13069
 1086
 7547
 14304
 8387
 12444
 11786
 9422
 4732
 8929
 14255
 4783
 489
 11114
 14492
 10981
 12628
 9879
 11817
 8404
 4798
 14504
 10828
 4982
 2401
 377
 11887
 14857
 10452
 11103
 10439
 12548
 7405
 4750
 295
 10898
 1709
 8800
 4254
 2215
 2733
 2366
 11878
 13360
 1396
 3743
 9785
 11859
 13655
 2585
 8985
 14039
 5822
 11757
 121
 14179
 7520
 2772
 15105
 12383
 6513
 7834
 15076
 14462
 14907
 5585
 4447
 14523
 3250
 8110
 2800
 2042
 2206
 4089
 14502
 1544
 1
 6302
 2056
 10835
 2221
 13156
 2093
 2441
 2224
 7551
 14309
 13001
 12499
 14943
 11607
 6632
 6964
 1339
 5163
 9243
 9540
 14191
 7911
 4445
 9377
 9068
 12832
 13306
 7718
 10867
 13182
 6063
 11348
 10390
 7418
 11357
 7441
 7429
 13744
 7125
 7759
 8289
 13117
 12764
 5482
 10458
 6306
 14277
 8217
 14743
 2974
 7738
 1144
 716
 12742
 5661
 14507
 5569
 13464
 2857
 5660
 5573
 9365
 11970
 4719
 4548
 7701
 12905
 4366
 12436
 9662
 1328
 11323
 7410
 7649
 3643
 1631
 10525
 10115
 935
 2201
 4361
 11980
 6167
 2778
 7033
 5218
 12618
 8422
 2113
 60
 4535
 11261
 11384
 9709
 11199
 10383
 14296
 12058
 3366
 12219
 12813
 9259
 14500
 11938
 1657
 10180
 14381
 13307
 11207
 11916
 4274
 13185
 11121
 4098
 10026
 7821
 13373
 4374
 10368
 13864
 3734
 11871
 3914
 1853
 6501
 14375
 4178
 8781
 13924
 3701
 11419
 13076
 7912
 10983
 72
 1897
 13505
 11152
 5594
 4019
 14742
 6353
 7668
 8495
 2216
 12384
 6786
 8981
 8734
 4755
 496
 10852
 615
 7824
 13165
 5161
 3172
 13021
 3765
 8850
 749
 3980
 910
 11332
 8996
 4179
 2976
 6807
 1018
 5162
 3354
 3409
 10774
 12249
 6950
 11880
 13941
 14194
 10834
 4740
 3077
 8802
 9040
 14377
 8940
 2118
 10750
 7505
 5093
 13250
 9263
 3543
 7295
 14830
 2154
 10984
 6852
 12028
 14756
 4550
 6235
 7538
 5164
 3430
 5026
 4484
 9081
 13378
 14202
 10516
 3037
 11392
 4286
 13332
 9531
 9426
 2205
 11753
 7810
 9193
 14923
 13075
 8910
 5825
 14509
 4828
 14084
 11466
 13251
 9728
 1790
 13058
 2348
 614
 6917
 6780
 2212
 8682
 8740
 302
 2715
 4434
 10881
 7224
 6057
 8115
 7643
 2051
 11715
 2182
 11901
 10229
 5470
 2050
 14185
 9323
 5019
 15053
 13336
 13321
 1395
 3122
 568
 7452
 7073
 6876
 5034
 5387
 13183
 13171
 15043
 15
 11440
 5014
 5817
 15052
 611
 12538
 5197
 1027
 14276
 8496
 7844
 10761
 11946
 5865
 8959
 8397
 4275
 3771
 8873
 12570
 14388
 4742
 5485
 9174
 8364
 2103
 8456
 4704
 6293
 13049
 14400
 3638
 12309
 11230
 7056
 2186
 4291
 14222
 4245
 11125
 4930
 11598
 5789
 7579
 8722
 4726
 11731
 11849
 2777
 13056
 9437
 10291
 12485
 3255
 419
 14723
 2636
 7999
 11917
 3598
 13162
 13224
 12746
 12608
 7633
 5560
 13338
 11783
 14724
 14635
 2584
 5487
 669
 6300
 9372
 1960
 14302
 8259
 3020
 1712
 10470
 13055
 2779
 8874
 1513
 13846
 3775
 4051
 14408
 2696
 428
 9287
 14190
 2888
 8716
 1705
 8633
 498
 10389
 14431
 1382
 1159
 13225
 4435
 2693
 13130
 8484
 2898
 8232
 10061
 7910
 10951
 7442
 8995
 10339
 123
 12380
 10911
 1667
 12991
 7383
 4330
 11676
 9466
 14987
 7876
 10284
 13543
 6508
 13051
 7698
 11155
 2866
 8354
 1107
 14180
 7994
 14807
 14900
 11973
 14256
 9157
 8662
 11454
 11317
 2863
 6444
 4433
 9829
 10607
 10741
 9267
 9898
 10773
 10703
 516
 51
 13350
 8400
 5030
 4762
 7454
 8556
 8842
 10306
 7645
 1741
 12855
 10722
 5639
 3568
 6823
 13227
 6259
 6234
 11803
 6980
 12446
 13006
 14069
 6258
 10174
 14406
 11873
 9711
 6914
 13244
 8580
 3931
 10625
 12593
 13523
 7281
 13573
 10756
 4532
 3394
 5128
 5024
 6906
 572
 13357
 555
 8922
 7246
 2990
 12789
 8336
 11252
 7700
 11277
 7658
 11219
 587
 11933
 4046
 12481
 2719
 14044
 9524
 11373
 6869
 5239
 7315
 2752
 8547
 4086
 3967
 10330
 7335
 7594
 15063
 11851
 14527
 10763
 10113
 5488
 388
 8218
 9710
 10049
 1484
 9442
 9296
 7148
 14149
 4213
 15048
 11137
 3580
 2079
 2146
 12000
 13337
 11148
 6257
 12615
 2871
 3704
 4768
 8145
 4687
 1717
 6810
 2183
 10275
 5502
 13354
 13065
 9787
 11924
 8808
 4948
 6693
 13865
 9107
 4285
 2769
 9322
 5403
 6771
 2724
 9439
 9953
 13493
 13210
 7936
 7413
 930
 12959
 6191
 8855
 9775
 5777
 9656
 9746
 7036
 4817
 3959
 4786
 7820
 7048
 7925
 8875
 7739
 3088
 4356
 11564
 11326
 1385
 872
 12083
 10990
 7783
 10453
 8340
 5862
 6423
 4771
 9271
 3360
 9061
 6922
 11737
 11999
 4792
 6798
 2365
 10063
 4780
 9919
 12261
 10102
 7716
 13509
 14428
 7541
 3608
 10393
 14086
 6548
 4693
 7102
 14147
 11187
 12535
 8576
 3632
 2602
 2806
 5095
 11483
 2734
 7852
 11089
 6813
 10369
 2075
 1925
 5346
 9657
 7827
 4420
 11785
 6051
 1882
 7604
 14726
 6351
 7947
 11314
 2232
 2412
 4943
 11486
 6773
 10588
 4267
 233
 9985
 4293
 13481
 6418
 14424
 8654
 9760
 6777
 13718
 7097
 10810
 13016
 7165
 6891
 11154
 13876
 12452
 15026
 8149
 5778
 3783
 15107
 11072
 4723
 7350
 15055
 9519
 4773
 4528
 4915
 4511
 9992
 11750
 2208
 7699
 7438
 3926
 2603
 5288
 6609
 13940
 13363
 1240
 12951
 4072
 3906
 10085
 12264
 10218
 6800
 4752
 8721
 9235
 9462
 12563
 8446
 3804
 11732
 6524
 11991
 10249
 3940
 11703
 10692
 3452
 727
 717
 1411
 3664
 8587
 3309
 11927
 10668
 13039
 11940
 9260
 8162
 3213
 10811
 2572
 13367
 4292
 14133
 3346
 10400
 6641
 9990
 12321
 436
 1079
 3777
 2017
 4886
 9410
 9658
 442
 6608
 4415
 10904
 14293
 7953
 7024
 13248
 13691
 7685
 8004
 8807
 3393
 8365
 1417
 15001
 13226
 7386
 7241
 9373
 1358
 11087
 5518
 9918
 12437
 14196
 11501
 5996
 760
 13173
 14990
 10158
 13309
 3713
 5754
 13468
 7464
 13741
 13358
 3827
 6587
 13231
 13279
 8288
 11812
 8649
 3989
 5508
 2771
 2231
 11862
 10455
 1893
 11459
 416
 5657
 13172
 10701
 2604
 7780
 5852
 2718
 3825
 4265
 11640
 1171
 9398
 13459
 10084
 13466
 7769
 13397
 7152
 5328
 5701
 6151
 9968
 11458
 4290
 3461
 3779
 9723
 235
 13816
 2695
 10065
 11198
 11337
 2899
 11083
 10805
 13257
 11170
 7591
 5552
 14182
 10931
 9690
 3187
 4409
 12260
 1430
 4012
 212
 15058
 11127
 12581
 4788
 14859
 13200
 1329
 5948
 12515
 6646
 9136
 1267
 14517
 10178
 13418
 9483
 12116
 4425
 6627
 3314
 421
 3355
 11850
 4496
 13583
 4767
 563
 10464
 2861
 12104
 13365
 14148
 2773
 1015
 1034
 7664
 6189
 6795
 7010
 10367
 8279
 2153
 11897
 14964
 6967
 8729
 7542
 12853
 13872
 3565
 9300
 5681
 887
 3763
 6790
 11935
 13674
 14367
 10077
 7079
 11986
 1322
 14300
 10916
 14026
 14451
 14098
 180
 7997
 4184
 13079
 1272
 8282
 6647
 3956
 3418
 13316
 9014
 6993
 6058
 6656
 13211
 7025
 4941
 9453
 13176
 12157
 10354
 5433
 4749
 7444
 3874
 3794
 2123
 13511
 13146
 3073
 4384
 9730
 1336
 9842
 5140
 13540
 6413
 8692
 7891
 6565
 13024
 8377
 5851
 2683
 13074
 12837
 12747
 1295
 10167
 7710
 6782
 11437
 6192
 13072
 5254
 11202
 244
 7349
 12163
 9542
 11074
 13190
 11811
 8920
 13255
 2684
 4709
 12268
 4177
 7847
 7379
 7749
 3846
 11425
 7746
 13653
 1316
 13853
 11433
 1974
 14860
 5213
 8773
 13168
 10759
 5388
 2023
 5517
 13329
 6507
 14898
 11232
 13883
 8586
 13073
 14181
 559
 4460
 7087
 5691
 3566
 6829
 11659
 336
 11376
 9430
 8628
 8958
 7306
 9268
 963
 9769
 3978
 11113
 2129
 11096
 756
 3927
 5329
 10560
 11776
 11132
 12516
 13522
 7714
 5796
 13725
 11657
 14571
 1750
 10473
 14740
 3719
 3294
 666
 11989
 4375
 8638
 14867
 14172
 5258
 8598
 16
 14197
 14150
 7015
 3660
 5236
 8868
 5670
 10960
 788
 3234
 25
 13513
 11462
 14570
 14935
 7316
 10991
 13787
 11134
 13362
 12809
 10100
 13926
 14583
 354
 7229
 671
 11843
 7760
 10924
 3129
 5978
 1718
 7736
 5380
 1161
 12140
 14534
 170
 2946
 4530
 2490
 4429
 13155
 14951
 6525
 14905
 4728
 12981
 11214
 7206
 5447
 9833
 13216
 11129
 10044
 4053
 4250
 10568
 2128
 9312
 1823
 3389
 3076
 1324
 570
 2969
 11131
 13541
 13229
 10199
 7595
 14669
 10849
 9302
 13148
 13119
 12115
 8411
 269
 11216
 13944
 14683
 6645
 6816
 10743
 8951
 3221
 427
 9571
 11550
 7726
 9850
 2872
 1745
 13000
 13127
 2242
 10532
 11625
 7704
 2513
 9732
 1443
 13556
 14678
 7993
 14656
 119
 6166
 8300
 13269
 10611
 1640
 6781
 1101
 11807
 8957
 6661
 3490
 14087
 152
 8274
 2609
 9423
 2568
 6658
 4803
 1105
 1292
 4180
 12461
 13252
 1486
 6962
 8026
 11749
 7028
 8399
 4724
 8532
 2178
 2565
 13736
 13275
 9270
 3029
 13379
 12614
 4109
 4760
 12586
 6832
 3941
 5780
 10213
 10316
 12611
 6148
 1221
 6190
 13287
 9737
 14405
 11339
 6822
 8748
 15024
 3761
 10396
 2049
 10144
 5420
 8278
 14658
 8585
 8292
 3269
 886
 4772
 6078
 4413
 5012
 3868
 4422
 3960
 2640
 7971
 12015
 9231
 2698
 6915
 9126
 10843
 5958
 12108
 7267
 12111
 4414
 156
 10171
 6976
 4288
 1602
 10494
 7753
 9477
 13359
 11239
 3925
 12692
 4810
 11375
 10864
 8950
 13983
 4514
 6544
 9606
 10820
 12422
 12610
 1883
 9239
 11461
 6128
 12407
 13539
 13121
 9265
 2622
 386
 13144
 8545
 2316
 2037
 7873
 12752
 4942
 11156
 8502
 10271
 430
 14560
 8747
 14557
 5173
 8285
 13292
 3302
 13900
 12126
 9479
 12939
 4951
 10744
 12114
 8105
 6941
 4389
 4400
 9697
 14630
 11847
 6055
 3760
 6483
 6582
 8568
 3358
 9291
 14292
 7288
 6106
 6363
 12521
 4963
 241
 759
 246
 2621
 10493
 621
 2886
 12351
 1313
 13113
 8647
 10281
 10902
 9841
 7754
 13949
 565
 13271
 14621
 451
 10912
 1975
 6648
 1521
 8222
 2358
 7737
 9796
 8021
 13880
 4319
 4416
 4270
 10204
 2238
 10299
 14107
 13391
 449
 11836
 11184
 9172
 4710
 2768
 11987
 12194
 5429
 2228
 9135
 12594
 8442
 338
 5184
 14091
 12107
 11420
 14521
 1926
 13534
 9308
 8941
 15021
 5724
 5582
 14826
 5516
 14010
 12191
 8832
 5625
 14429
 3421
 10338
 14042
 8549
 3306
 12523
 279
 3951
 5682
 10496
 4893
 8283
 8845
 5492
 4426
 3274
 7461
 10936
 14506
 9202
 14465
 4368
 3429
 1422
 6999
 3727
 4370
 5175
 14040
 6916
 12680
 4311
 7537
 13959
 13301
 1438
 3455
 8867
 9301
 1826
 12525
 12329
 1245
 4125
 8675
 5345
 13852
 9887
 13387
 14945
 3534
 7772
 6215
 6496
 12908
 13435
 3301
 5145
 12063
 9768
 6311
 9381
 8312
 4692
 1499
 358
 10967
 7268
 12681
 6117
 3577
 12795
 9671
 9982
 10842
 11869
 14697
 12479
 12122
 13372
 3168
 1839
 10845
 7166
 3144
 11839
 6038
 7473
 8528
 11670
 3072
 2198
 6674
 13828
 9204
 13751
 2196
 6405
 3668
 10244
 14188
 4412
 12725
 9947
 3475
 13779
 1744
 5813
 8209
 4078
 12478
 9532
 11767
 875
 3614
 927
 8467
 10480
 3939
 464
 4020
 3758
 9130
 4318
 13512
 12698
 12355
 5500
 4367
 243
 7626
 4410
 5347
 5651
 14137
 5020
 9313
 5737
 5723
 8108
 3746
 14750
 2893
 10620
 8329
 13123
 6651
 8168
 3780
 8977
 7245
 8514
 10753
 11329
 12335
 12906
 4014
 11912
 3694
 12084
 2203
 11469
 14715
 272
 2837
 2913
 3273
 8652
 13161
 5565
 9316
 12284
 2125
 14468
 8369
 7504
 3943
 4825
 3177
 4079
 8923
 5199
 13686
 6474
 4120
 13371
 1063
 4954
 13201
 13943
 8620
 12756
 3923
 3641
 11751
 3342
 1158
 11385
 1516
 3736
 3448
 1097
 9712
 11492
 3509
 11633
 2020
 11848
 11875
 11934
 8353
 10795
 11477
 553
 4714
 6052
 5563
 14257
 8275
 13007
 550
 5658
 5746
 13788
 8621
 11864
 176
 6342
 2956
 12994
 12124
 11888
 6493
 12793
 13646
 259
 12690
 12480
 11171
 3518
 11907
 6352
 11835
 13116
 5007
 11794
 4160
 8287
 14267
 8358
 7406
 2847
 1184
 2210
 3163
 14097
 14614
 9849
 327
 495
 5687
 14157
 12190
 7240
 3043
 14881
 3196
 14954
 11039
 8477
 10807
 9798
 1652
 1844
 5638
 13129
 10186
 13833
 1703
 7559
 8795
 2672
 6702
 12953
 5654
 2024
 10445
 2862
 13529
 10446
 2617
 8560
 14797
 3253
 2902
 6812
 12571
 1405
 4383
 239
 1813
 10739
 14423
 12965
 1082
 85
 12695
 5141
 11421
 11344
 11793
 14941
 1957
 11883
 130
 6960
 5887
 12892
 278
 5861
 4821
 11840
 3561
 995
 10328
 2157
 12274
 13618
 8386
 7751
 341
 13669
 14169
 446
 4085
 75
 12578
 4036
 10714
 9392
 13821
 1290
 2984
 12560
 5588
 12688
 10463
 13375
 2524
 2869
 5925
 13562
 84
 9203
 8641
 4820
 7672
 9236
 11823
 13532
 14401
 12139
 625
 4739
 14031
 6384
 6116
 5590
 5596
 12103
 9810
 11833
 4859
 8328
 13799
 2963
 14755
 2140
 13625
 2836
 5154
 14174
 8416
 10342
 5786
 6872
 8246
 4302
 502
 3357
 8636
 2533
 13158
 6944
 5419
 11135
 1152
 8664
 12599
 7227
 3434
 3044
 4523
 1731
 5652
 2817
 10986
 7625
 14101
 9448
 5798
 7720
 8541
 12872
 6484
 10274
 11234
 1258
 578
 14305
 13480
 12077
 13766
 13591
 13756
 943
 9830
 13574
 12568
 5322
 14472
 901
 5919
 14938
 13892
 12873
 14028
 2541
 12332
 6198
 2838
 965
 10432
 13510
 3093
 11309
 11714
 12399
 13708
 15017
 13893
 5368
 3387
 7555
 7835
 5621
 142
 4176
 3023
 6315
 8425
 13518
 6649
 3987
 11104
 5119
 9116
 2848
 14370
 8402
 5021
 2944
 9736
 4174
 10443
 14909
 11108
 13516
 12393
 5511
 11774
 8116
 6347
 7830
 10500
 13623
 13809
 5377
 11193
 7888
 14695
 14336
 5496
 2977
 8603
 1189
 4340
 10149
 5418
 10742
 11868
 857
 12766
 10590
 7713
 10953
 4405
 8457
 12940
 10266
 2849
 6642
 11070
 13282
 10857
 14193
 14747
 3184
 9932
 4919
 14124
 3025
 12135
 2076
 10952
 8299
 1715
 5422
 10307
 9279
 9575
 10068
 1148
 2937
 6090
 10785
 14470
 8462
 1065
 7287
 4023
 863
 12170
 6542
 5448
 928
 12655
 5060
 5474
 12889
 5697
 242
 5650
 2027
 12970
 7523
 2370
 10315
 3586
 1016
 767
 613
 9696
 485
 7628
 6669
 7546
 9261
 5417
 2891
 5562
 223
 10247
 5057
 6814
 11381
 1282
 9278
 1990
 8448
 12796
 2915
 5225
 11209
 4706
 1696
 10469
 12662
 12779
 2688
 14580
 13664
 9819
 5494
 4680
 7447
 5493
 11457
 3685
 2036
 12070
 6372
 14820
 10457
 738
 8293
 2834
 5760
 12973
 1096
 1917
 5891
 6935
 13580
 13928
 5402
 3127
 13491
 12514
 1870
 8676
 10512
 38
 5576
 7883
 11168
 14936
 3251
 3486
 10582
 106
 12121
 11212
 11528
 10435
 2007
 11033
 11936
 12588
 4487
 9650
 6895
 5251
 8844
 5699
 5589
 13197
 9619
 4718
 12841
 14795
 7978
 13769
 13159
 8362
 10754
 14154
 2043
 2675
 13426
 3838
 10704
 12009
 2557
